1727
1728
1729
1730
1733
1734
1735
1739
1742
1749
1750
1751
1752
1755
1756
1757
1758
1760
1763
1764
1765
1766
1768
1771
1772
1773
1775
1776
1777
1788
1789
1790
1791
1792
1793
1805
1807
1811
1812
1813
1817
1818
1822
1824
1828
1829
1835
1859
1872
1873
1876
1893
1916
1918
1919
1922
1923
1931
1932
1933
2075
2076
2077
2078
2079
2080
2081
2082
2083
2104
2105
2112
2113
2114
2116
2117
2118
2119
2127
2131
2138
2140
2147
2148
2149
2150
2151
2154
2155
2156
2157
2158
2159
2160
2161
2166
2167
2168
2169
2177
2178
2179
2180
2186
2195
2196
2201
2202
2203
2204
2207
2208
2209
2210
2212
2213
2214
2215
2217
2218
2219
2220
2221
2222
2224
2225
2228
2229
2231
2232
2234
2237
2238
2239
2240
2241
2242
2243
2244
2247
2248
2282
2283
2284
2285
2288
2289
2293
2294
2295
2296
2297
2300
2302
2304
2307
2308
2313
2314
2315
2318
2319
2320
2322
2325
2330
2334
2335
2336
2341
2343
2345
2346
2348
2350
2357
2358
2359
2364
2365
2366
2368
2371
2372
2373
2374
2376
2377
2379
2381
2383
2388
2389
2390
2391
2392
